63,67
63,66
63,65
63,64
63,36
63,35
63,34
63,33
63,32
63,31
63,30
63,29
63,28
63,27
63,26
63,25
63,24
63,23
63,22
63,21
63,20
63,19
63,18
63,17
63,16
63,15
63,14
63,13
63,12
63,11
63,10
63,9
63,8
63,7
63,6
63,5
63,4
63,2
63,0
62,21
62,20
62,19
62,18
62,17
62,16
62,15
62,14
62,13
62,12
62,11
62,10
62,9
62,8
62,7
62,6
62,5
62,4
62,3
62,2
62,1
62,0
51,2
25,4
25,3
25,1
20,3
20,2
20,1
19,3
19,2
19,1
18,3
18,1
17,3
17,2
17,1
16,3
16,2
16,1
15,3
15,2
15,1
12,3
12,2
12,1
11,3
11,2
11,1
10,3
10,2
10,1
9,3
9,2
9,1
8,3
8,2
8,1
3,3
3,2
3,1
2,3
2,2
2,1
0,0
63,1
63,3
0,273
44,1
0,270
51,1
44,3
51,3
13,1
